15

744 755
2 1
4
8
41 0.02 30 25
1
7
109 1.4 47 1000.0 2 30.0 30 17 80

744 756
8 2
5
8
0 0.8 50 15
2
8
41 0.02 30 25
1
3
150 3.0 95 1000.0 0 8 2500 0.09817477042468103 28 1
1
1
550 0.5 50 23 1 6 0.0 26 70
5
8
21 0.01 5 2
1
4
903 1.8 35 1200.0 2 30.0 30 5.0 74 85
1
3
150 3.0 95 1000.0 0 8 2500 0.09817477042468103 28 2
1
2
830 1.0 0 10 0 0 0

744 758
6 3
5
8
50 1.5 55 5
1
2
830 1.0 0 10 0 0 0
1
4
902 1.8 50 1200.0 2 30.0 30 4.0 91 100
1
8
11 0.1 25 20
4
8
34 0.05 5 1
3
8
44 0.2 5 5

744 755
6 1
4
8
40 0.02 5 3
5
8
29 0.1 0 5
3
8
29 0.1 0 5
2
8
45 0.1 0 1
3
8
12 0.08 35 20
2
8
37 0.01 20 1

744 756
6 2
2
8
45 0.1 0 1
1
8
47 3.0 5 5
4
8
22 0.08 35 10
2
8
32 0.12 5 10
2
8
30 0.1 0 1
1
4
906 3.5 78 1200.0 2 30.0 30 6.0 183 280

744 758
1 3
4
8
44 0.2 5 5

744 755
5 1
1
8
21 0.01 5 2
4
8
21 0.01 5 2
1
3
154 2.3 150 2000.0 3 1 2000 0.07853981633974483 40 0
1
8
46 0.1 0 5
7
8
24 0.1 30 10

744 756
6 2
1
4
907 3.5 65 1333.3333333333333 2 30.0 30 6.125 222 280
1
2
830 1.0 0 10 0 0 0
2
8
27 0.1 20 25
1
7
101 2.2814814814814817 170 1266.6666666666667 2 60.0 50 754 1500
13
8
25 0.4 5 5
1
8
46 0.1 0 5

744 758
4 3
1
4
900 1.4 38 1200.0 2 30.0 30 3.0 36 50
1
2
830 1.0 0 10 0 0 0
1
3
153 1.6 150 3500.0 3 1 3500 0.08975979010256552 40 1
4
8
27 0.1 20 25

744 755
3 1
1
4
900 1.4 35 1285.7142857142858 2 30.0 32 3.0 14 50
1
8
54 2.0 35 25
3
8
37 0.01 20 1

744 756
2 2
3
8
51 0.5 5 5
1
4
902 1.8 50 1200.0 2 30.0 30 3.7142857142857144 28 100

744 758
4 3
19
8
25 0.4 5 5
5
8
22 0.08 35 10
3
8
54 2.0 35 25
2
8
0 0.8 50 15

748 753
5 1
1
8
46 0.1 0 5
3
8
37 0.01 20 1
1
8
12 0.08 35 20
2
8
29 0.1 0 5
1
4
900 1.4 35 1200.0 2 30.0 30 3.0 2 50

748 754
3 2
1
4
903 1.8 35 1200.0 2 30.0 30 4.615384615384615 63 85
1
8
0 0.8 50 15
1
2
830 1.0 0 10 0 0 0

748 756
4 3
1
3
154 2.3 150 2000.0 3 1 1750 0.18414028116436676 40 0
2
8
32 0.12 5 10
1
3
150 3.0 95 1062.5 0 8 2812 0.09817477042468103 28 2
3
8
33 0.08 10 8

