30

782 729
7 1
2
8
8 0.3 35 15
1
8
46 0.1 0 5
1
8
46 0.1 0 5
5
8
3 0.1 35 20
1
8
5 0.2 35 15
5
8
0 0.8 50 15
1
3
154 2.3 150 2000.0 3 1 2000 0.07853981633974483 40 1

755 758
5 1
1
2
830 1.0 0 10 0 0 0
1
7
111 2.0 105 1083.3333333333333 2 30.0 50 90 175
5
8
7 0.5 35 15
1
7
111 2.0 105 1076.923076923077 2 30.0 55 111 175
5
8
0 0.8 50 15

782 729
8 1
1
2
830 1.0 0 10 0 0 0
1
2
830 1.0 0 10 0 0 0
2
8
6 0.2 35 15
1
2
830 1.0 0 10 0 0 0
1
2
830 1.0 0 10 0 0 0
1
1
550 0.5 50 23 1 6 0.0 34 70
1
3
153 1.6 150 3500.0 3 1 3500 0.08975979010256552 40 0
1
1
400 1.2 50 65 3 4 0.0 41 80

770 771
4 1
4
8
1 0.1 10 5
3
8
6 0.2 35 15
1
7
103 1.2 80 1000.0 2 45.0 30 350 350
1
4
901 1.4 30 1200.0 2 90.0 30 4.0 6 50

751 774
9 1
1
4
903 1.8 35 1280.0 2 90.0 30 5.0 48 85
3
8
3 0.1 35 20
1
2
830 1.0 0 10 0 0 0
1
2
830 1.0 0 10 0 0 0
1
3
153 1.6727272727272728 150 3750.0 3 1 3500 0.08975979010256552 40 0
2
8
7 0.5 35 15
1
8
46 0.1 0 5
1
8
0 0.8 50 15
1
4
904 2.291666666666667 60 1270.5882352941176 2 90.0 30 6.0 69 150

811 736
7 1
1
2
830 1.0 0 10 0 0 0
3
8
9 0.8 35 15
4
8
7 0.5 35 15
4
8
6 0.2 35 15
3
8
0 0.8 50 15
3
8
7 0.5 35 15
3
8
10 0.3 35 15

727 786
5 1
3
8
6 0.2 35 15
2
8
0 0.8 50 15
1
8
46 0.1 0 5
2
8
5 0.2 35 15
3
8
9 0.8 35 15

720 791
4 1
1
4
905 2.2 50 1200.0 2 90.0 30 6.0 23 150
1
8
2 0.05 65 15
4
8
9 0.8 35 15
1
8
6 0.2 35 15

770 791
3 1
2
8
7 0.5 35 15
1
4
906 3.5 78 1200.0 2 90.0 30 7.0 95 280
1
8
2 0.05 65 15

763 796
2 1
1
1
500 0.6 50 25 2 10 0.0 60 78
2
8
1 0.1 10 5

811 736
2 1
1
4
905 2.2 50 1200.0 2 90.0 30 6.0 61 171
2
8
2 0.05 65 15

755 758
4 1
5
8
7 0.5 35 15
3
8
9 0.8 35 15
1
3
153 1.6 150 3750.0 3 1 3937 0.08975979010256552 40 0
1
1
500 0.6 50 25 2 10 0.0 25 78

770 771
2 1
1
3
158 2.5 120 800.0 3 12 1286 0.07479982508547127 23 2
3
8
6 0.2 35 15

751 774
9 1
1
2
830 1.0 0 10 0 0 0
1
3
153 1.6 150 3500.0 3 1 3182 0.18590986537339604 40 0
1
8
46 0.1 0 5
1
2
830 1.0 0 10 0 0 0
1
8
46 0.1 0 5
5
8
8 0.3 35 15
5
8
6 0.2 35 15
3
8
0 0.8 50 15
2
8
8 0.3 35 15

727 786
8 1
1
8
3 0.1 35 20
1
2
830 1.0 0 10 0 0 0
1
4
901 1.4 30 1300.0 2 90.0 30 4.0 3 50
1
2
830 1.0 0 10 0 0 0
3
8
10 0.3 35 15
1
8
8 0.3 35 15
2
8
8 0.3 35 15
1
4
904 2.2 60 1333.3333333333333 2 90.0 30 5.454545454545455 113 150

720 791
3 1
2
8
1 0.1 10 5
3
8
8 0.3 35 15
1
2
830 1.0 0 10 0 0 0

769 697
4 1
2
8
0 0.8 50 15
2
8
3 0.1 35 20
1
1
203 1.4 50 38 5 27 0.0 82 139
1
3
150 3.0 95 1111.111111111111 0 8 2500 0.09817477042468103 30 4

770 791
3 1
1
7
110 2.0 75 1107.6923076923076 2 30.0 50 176 210
1
8
46 0.1 0 5
4
8
4 0.1 35 15

763 796
4 1
1
8
46 0.1 0 5
1
7
103 1.2 80 1000.0 2 45.0 30 192 350
1
8
9 0.8 35 15
3
8
2 0.05 65 15

769 697
2 1
1
4
903 1.8 35 1280.0 2 90.0 30 5.0 23 85
5
8
32 0.12 5 10

818 694
3 1
1
8
46 0.1 0 5
1
4
904 2.2 64 1200.0 2 90.0 30 6.0 13 150
5
8
12 0.08 35 20

782 729
5 1
4
8
1 0.1 10 5
3
8
7 0.5 35 15
1
8
3 0.1 35 20
2
8
2 0.05 65 15
3
8
5 0.2 35 15

811 736
4 1
1
7
110 2.0 75 1200.0 2 30.0 50 39 210
4
8
10 0.3 35 15
5
8
10 0.3 35 15
1
1
554 3.8 50 35 3 32 0.0 48 365

755 758
8 1
1
8
52 0.1 35 25
1
8
46 0.1 0 5
1
2
830 1.0 0 10 0 0 0
2
8
41 0.02 30 25
1
2
830 1.0 0 10 0 0 0
3
8
1 0.1 10 5
1
8
46 0.1 0 5
1
8
46 0.1 0 5

770 771
2 1
1
8
46 0.1 0 5
1
4
902 1.8 50 1292.3076923076924 2 90.0 30 5.0 68 100

751 774
3 1
2
8
49 0.1 20 10
1
7
101 2.2 170 1120.0 2 60.0 50 94 1500
5
8
19 0.04 15 5

770 791
9 1
1
2
830 1.0 0 10 0 0 0
1
8
0 0.8 50 15
1
4
900 1.4 38 1200.0 2 90.0 30 4.0 36 50
4
8
27 0.1 20 25
1
2
830 1.0 0 10 0 0 0
2
8
17 0.2 35 20
1
8
46 0.1 0 5
10
8
25 0.4 5 5
1
3
153 1.6 150 3500.0 3 1 3500 0.08975979010256552 40 0

763 796
7 1
1
2
830 1.0 0 10 0 0 0
1
8
12 0.08 35 20
4
8
12 0.08 35 20
5
8
21 0.01 5 2
1
4
902 1.8 50 1320.0 2 90.0 30 5.0 89 100
1
1
402 3.8 50 89 10 25 1.0 70 205
2
8
0 0.8 50 15

818 694
0 1

727 786
5 1
2
8
39 0.5 5 8
1
8
51 0.5 5 5
1
7
102 0.6 115 500.0 2 65.0 50 19 750
1
7
110 2.0 75 1200.0 2 30.0 50 174 210
4
8
39 0.5 5 8

