24

739 759
4 1
5
8
6 0.2 35 15
3
8
40 0.02 5 3
1
7
109 1.4 50 933.3333333333334 2 30.0 30 41 80
1
7
109 1.4 50 1000.0 2 30.0 30 19 80

669 1268
4 1
1
4
902 1.8 50 1200.0 2 90.0 30 5.0 51 100
1
8
46 0.1 0 5
1
8
46 0.1 0 5
1
7
100 1.8 65 1200.0 2 30.0 30 219 550

657 1197
4 1
3
8
34 0.05 5 1
1
2
830 1.0 0 10 0 0 0
1
8
47 3.0 5 5
4
8
31 0.1 0 1

673 1185
5 1
1
8
4 0.1 35 15
1
8
46 0.1 0 5
5
8
22 0.08 35 10
1
8
9 0.8 35 15
1
2
830 1.0 0 10 0 0 0

657 1197
8 1
1
3
158 2.5 120 800.0 3 12 1500 0.07479982508547127 23 4
3
8
26 0.1 20 25
3
8
51 0.5 5 5
3
8
24 0.1 30 10
4
8
51 0.5 5 5
1
1
202 0.8 50 35 3 12 0.0 37 80
1
2
830 1.0 0 10 0 0 0
1
2
830 1.0 0 10 0 0 0

711 934
7 1
1
2
830 1.0 0 10 0 0 0
3
8
6 0.2 35 15
4
8
33 0.08 10 8
4
8
45 0.1 0 1
1
8
38 1.2 65 35
3
8
15 0.2 35 20
1
2
830 1.0 0 10 0 0 0

706 922
6 1
1
8
39 0.5 5 8
1
3
154 2.3 150 2000.0 3 1 2000 0.07853981633974483 40 1
1
7
102 0.6 115 500.0 2 65.0 50 554 750
5
8
38 1.2 65 35
1
2
830 1.0 0 10 0 0 0
1
3
153 1.6 150 3500.0 3 1 3500 0.08975979010256552 40 1

1070 846
3 1
3
8
44 0.2 5 5
1
1
552 2.7 50 30 3 15 -1.0 12 175
1
3
151 15.0 30 80.0 15 250 7000 0.1308996938995747 135 233

1467 646
8 1
5
8
53 2.0 35 25
3
8
44 0.2 5 5
3
8
47 3.0 5 5
4
8
10 0.3 35 15
1
2
830 1.0 0 10 0 0 0
1
8
46 0.1 0 5
1
8
49 0.1 20 10
1
3
154 2.3 150 2000.0 3 1 2000 0.07853981633974483 40 1

1426 653
5 1
3
8
2 0.05 65 15
3
8
40 0.02 5 3
1
8
13 0.1 35 20
3
8
1 0.1 10 5
1
4
903 1.8 42 1200.0 2 90.0 30 5.0 83 85

1444 674
5 1
1
8
12 0.08 35 20
2
8
21 0.01 5 2
1
7
111 2.0 105 1000.0 2 30.0 50 143 175
1
3
150 3.0 95 1076.923076923077 0 8 2500 0.0033217039489516903 28 3
1
3
153 1.6 150 3500.0 3 1 3500 0.08975979010256552 40 0

1449 687
0 1

1461 719
2 1
1
8
9 0.8 35 15
5
8
8 0.3 35 15

1422 632
7 1
1
3
154 2.3 150 2000.0 3 1 2000 0.07853981633974483 40 0
1
2
830 1.0 0 10 0 0 0
1
7
102 0.6 115 541.6666666666666 2 65.0 53 37 750
9
8
24 0.1 30 10
1
8
35 0.05 5 1
1
3
153 1.6727272727272728 150 3937.5 3 1 3500 0.08975979010256552 40 1
1
4
903 1.8 35 1320.0 2 90.0 33 5.0 72 85

306 1136
4 1
1
2
830 1.0 0 10 0 0 0
1
2
830 1.0 0 10 0 0 0
4
8
14 0.2 35 20
5
8
12 0.08 35 20

218 1164
5 1
1
8
46 0.1 0 5
2
8
33 0.08 10 8
2
8
51 0.5 5 5
1
3
154 2.3 150 2166.6666666666665 3 1 2200 0.07853981633974483 40 1
1
8
43 2.0 55 30

669 1268
4 1
5
8
38 1.2 65 35
1
4
905 2.2 50 1200.0 2 90.0 30 6.0 57 150
1
2
830 1.0 0 10 0 0 0
1
8
15 0.2 35 20

578 1350
3 1
5
8
7 0.5 35 15
1
4
900 1.4 35 1350.0 2 90.0 30 3.7777777777777777 48 50
1
7
109 1.4 43 1100.0 2 30.0 30 69 80

669 1268
3 1
5
8
26 0.1 20 25
5
8
48 5.0 5 5
3
8
47 3.0 5 5

1467 646
2 1
4
8
9 0.8 35 15
4
8
24 0.1 30 10

1426 653
5 1
1
7
103 1.2 80 1083.3333333333333 2 45.0 32 49 350
1
8
30 0.1 0 1
1
8
18 0.8 35 20
5
8
30 0.1 0 1
1
3
153 1.6 150 3500.0 3 1 3500 0.08975979010256552 40 1

1444 674
5 1
1
7
103 1.2 80 1000.0 2 45.0 30 385 400
1
8
19 0.04 15 5
4
8
8 0.3 35 15
1
3
154 2.3 150 2000.0 3 1 2000 0.07853981633974483 40 0
2
8
12 0.08 35 20

1449 687
6 1
2
8
1 0.1 10 5
1
3
150 3.0 95 1000.0 0 8 2000 0.09817477042468103 28 3
3
8
9 0.8 35 15
1
4
900 1.4 35 1200.0 2 90.0 30 4.0 17 50
1
8
42 0.05 0 1
5
8
41 0.02 30 25

1461 719
3 1
4
8
46 0.1 0 5
1
8
46 0.1 0 5
1
1
500 0.6 50 25 2 10 0.0 44 78

