35

1158 1285
3 1
2
8
0 0.8 50 15
5
8
3 0.1 35 20
2
8
10 0.3 35 15

759 700
3 1
1
8
46 0.1 0 5
1
4
900 1.4 35 1200.0 2 90.0 30 4.0 30 50
5
8
5 0.2 35 15

1158 1285
4 1
2
8
4 0.1 35 15
5
8
0 0.8 50 15
1
8
4 0.1 35 15
1
7
100 1.8 65 1200.0 2 30.0 30 502 600

1126 1286
4 1
4
8
8 0.3 35 15
1
4
906 3.5 78 1200.0 2 90.0 30 7.35 256 280
1
4
900 1.4 35 1200.0 2 90.0 30 4.0 15 50
1
8
6 0.2 35 15

757 707
7 1
1
3
153 1.6 150 3500.0 3 1 3500 0.08975979010256552 40 0
1
4
905 2.2 50 1200.0 2 90.0 30 6.0 103 166
1
2
830 1.0 0 10 0 0 0
1
8
46 0.1 0 5
2
8
9 0.8 35 15
1
8
46 0.1 0 5
1
2
830 1.0 0 10 0 0 0

787 708
5 1
1
3
153 1.6 150 3500.0 3 1 3500 0.08975979010256552 40 0
1
4
901 1.4 30 1200.0 2 90.0 30 4.0 7 50
2
8
4 0.1 35 15
3
8
3 0.1 35 20
3
8
4 0.1 35 15

712 741
5 1
1
8
46 0.1 0 5
5
8
1 0.1 10 5
1
8
2 0.05 65 15
2
8
8 0.3 35 15
2
8
2 0.05 65 15

710 750
7 1
5
8
0 0.8 50 15
4
8
4 0.1 35 15
3
8
9 0.8 35 15
1
4
904 2.2 60 1200.0 2 90.0 30 6.0 69 175
2
8
4 0.1 35 15
1
2
830 1.0 0 10 0 0 0
1
8
3 0.1 35 20

711 751
6 1
1
4
908 5.9 45 375.0 2 25.0 65 8.0 25 580
5
8
4 0.1 35 15
1
3
154 2.415 150 2117.6470588235293 3 1 2000 0.07853981633974483 40 0
1
8
2 0.05 65 15
2
8
7 0.5 35 15
5
8
0 0.8 50 15

710 763
4 1
1
1
301 2.8 50 110 8 26 0.0 156 190
2
8
4 0.1 35 15
1
3
153 1.6 150 3111.1111111111113 3 1 2800 0.08975979010256552 40 0
1
8
2 0.05 65 15

709 800
6 1
2
8
2 0.05 65 15
1
4
905 2.2 50 1200.0 2 90.0 30 6.0 11 150
1
8
0 0.8 50 15
1
8
7 0.5 35 15
2
8
6 0.2 35 15
1
8
7 0.5 35 15

821 719
2 1
1
4
903 1.8 35 1280.0 2 90.0 30 4.583333333333333 60 85
1
4
903 1.8 35 1200.0 2 90.0 30 5.0 56 85

621 272
4 1
1
7
103 1.263157894736842 80 1071.4285714285713 2 45.0 30 44 350
1
3
153 1.6 150 3500.0 3 1 3500 0.08975979010256552 40 0
1
2
830 1.0 0 10 0 0 0
1
8
46 0.1 0 5

597 315
7 1
3
8
7 0.5 35 15
1
3
154 2.3 150 1833.3333333333333 3 1 2000 0.07853981633974483 40 1
1
8
10 0.3 35 15
3
8
2 0.05 65 15
1
8
6 0.2 35 15
2
8
5 0.2 35 15
4
8
2 0.05 65 15

620 320
7 1
5
8
2 0.05 65 15
1
8
46 0.1 0 5
1
2
830 1.0 0 10 0 0 0
1
3
153 1.6 150 3500.0 3 1 3063 0.08975979010256552 40 0
1
7
103 1.2 80 1000.0 2 45.0 30 12 350
5
8
5 0.2 35 15
1
2
830 1.0 0 10 0 0 0

145 864
3 1
5
8
1 0.1 10 5
3
8
6 0.2 35 15
4
8
10 0.3 35 15

170 910
5 1
1
8
46 0.1 0 5
5
8
4 0.1 35 15
1
8
46 0.1 0 5
5
8
0 0.8 50 15
2
8
8 0.3 35 15

161 847
2 1
1
1
300 1.5 50 96 5 18 1.0 30 85
2
8
7 0.5 35 15

694 1129
8 1
1
8
5 0.2 35 15
1
8
46 0.1 0 5
4
8
1 0.1 10 5
1
2
830 1.0 0 10 0 0 0
1
3
153 1.6 150 3500.0 3 1 3500 0.08975979010256552 40 0
3
8
9 0.8 35 15
1
7
103 1.2 80 1000.0 2 45.0 30 312 350
5
8
9 0.8 35 15

1158 1285
3 1
1
3
153 1.6 150 3500.0 3 1 3150 0.08975979010256552 40 1
1
8
5 0.2 35 15
2
8
0 0.8 50 15

1126 1286
5 1
2
8
8 0.3 35 15
1
8
1 0.1 10 5
4
8
3 0.1 35 20
3
8
5 0.2 35 15
1
3
150 3.2 95 1066.6666666666667 0 8 2500 0.09817477042468103 28 1

569 705
5 1
4
8
5 0.2 35 15
3
8
6 0.2 35 15
1
7
100 1.8 65 1200.0 2 30.0 30 122 550
2
8
7 0.5 35 15
5
8
9 0.8 35 15

646 732
6 1
2
8
9 0.8 35 15
3
8
6 0.2 35 15
1
2
830 1.0 0 10 0 0 0
2
8
0 0.8 50 15
2
8
9 0.8 35 15
1
8
46 0.1 0 5

641 598
8 1
4
8
8 0.3 35 15
1
3
154 2.3 150 2000.0 3 1 2000 0.07853981633974483 40 0
3
8
0 0.8 50 15
1
3
155 3.2 150 1500.0 3 1 1500 0.06981317007977318 40 0
5
8
1 0.1 10 5
3
8
4 0.1 35 15
1
3
150 3.0 95 1000.0 0 8 2223 0.16711602067756523 28 1
1
8
7 0.5 35 15

524 696
4 1
5
8
2 0.05 65 15
1
4
904 2.2 60 1200.0 2 90.0 30 6.0 146 150
3
8
1 0.1 10 5
5
8
1 0.1 10 5

1452 1192
7 1
2
8
2 0.05 65 15
3
8
2 0.05 65 15
1
4
901 1.4 30 1400.0 2 90.0 30 3.764705882352941 47 50
1
2
830 1.0 0 10 0 0 0
1
3
150 3.0 95 1000.0 0 8 2500 0.09817477042468103 28 5
3
8
8 0.3 35 15
1
4
901 1.4874999999999998 30 1275.0 2 90.0 30 4.0 24 50

1399 1213
1 1
5
8
8 0.3 35 15

1122 1318
5 1
1
7
100 1.8 73 1200.0 2 30.0 30 9 550
1
3
151 15.0 30 80.0 15 250 8000 0.1308996938995747 135 244
1
7
110 2.0 71 1371.4285714285713 2 30.0 50 39 210
4
8
9 0.8 35 15
4
8
51 0.5 5 5

1141 1376
4 1
1
8
52 0.1 35 25
2
8
2 0.05 65 15
2
8
49 0.1 20 10
1
8
46 0.1 0 5

1197 1377
7 1
1
8
46 0.1 0 5
5
8
50 1.5 55 5
1
4
909 4.2 58 350.0 2 45.0 65 7.0 202 580
5
8
8 0.3 35 15
1
3
153 1.6 150 3500.0 3 1 3500 0.08975979010256552 40 1
2
8
43 2.0 55 30
1
8
14 0.2 35 20

1114 1380
6 1
1
3
155 3.2 150 1500.0 3 1 1500 0.06981317007977318 40 0
1
2
830 1.0 0 10 0 0 0
1
8
46 0.1 0 5
1
1
552 2.7 50 30 3 15 -1.0 54 175
3
8
35 0.05 5 1
1
8
53 2.0 35 25

1243 1336
6 1
1
1
302 4.2 50 125 15 35 0.0 186 220
4
8
35 0.05 5 1
1
8
29 0.1 0 5
5
8
46 0.1 0 5
1
3
154 2.3 150 2000.0 3 1 2000 0.07853981633974483 40 0
1
1
500 0.6 50 25 2 10 0.0 40 78

1244 1353
6 1
1
8
8 0.3 35 15
5
8
15 0.2 35 20
1
3
150 3.0 95 1000.0 0 8 2500 0.09817477042468103 28 6
1
8
2 0.05 65 15
4
8
23 0.1 20 30
40
8
25 0.4 5 5

1197 1377
2 1
1
7
102 0.6 115 535.7142857142857 2 65.0 54 201 750
3
8
31 0.1 0 1

1141 1376
5 1
2
8
38 1.2 65 35
1
4
901 1.4 30 1280.0 2 90.0 30 4.0 28 50
1
4
903 1.8 35 1266.6666666666667 2 90.0 30 5.0 78 85
1
8
1 0.1 10 5
2
8
0 0.8 50 15

