4

743 737
4 1
5
8
4 0.1 35 15
5
8
8 0.3 35 15
1
7
109 1.4 50 1062.5 2 30.0 30 64 80
5
8
3 0.1 35 20

759 755
3 1
1
2
830 1.0 0 10 0 0 0
2
8
1 0.1 10 5
1
8
7 0.5 35 15

743 737
6 1
1
2
830 1.0 0 10 0 0 0
5
8
50 1.5 55 5
4
8
52 0.1 35 25
3
8
22 0.08 35 10
2
8
6 0.2 35 15
1
3
153 1.6 150 3500.0 3 1 3500 0.08975979010256552 40 1

759 755
6 1
1
2
830 1.0 0 10 0 0 0
2
8
6 0.2 35 15
1
3
150 3.0 95 1000.0 0 8 2084 0.09817477042468103 28 6
3
8
17 0.2 35 20
2
8
28 0.1 5 15
1
1
400 1.2 50 65 3 16 0.0 20 80

