21

749 700
7 1
3
8
10 0.3 35 15
3
8
8 0.3 35 15
1
3
150 3.0 95 1000.0 0 8 2500 0.09817477042468103 28 8
1
3
158 2.5 120 800.0 3 12 1500 0.07479982508547127 23 7
3
8
1 0.1 10 5
1
8
7 0.5 35 15
1
4
900 1.4 35 1200.0 2 90.0 30 4.0 6 58

726 705
3 1
5
8
3 0.1 35 20
1
2
830 1.0 0 10 0 0 0
4
8
5 0.2 35 15

757 759
4 1
1
3
154 2.3 150 2133.3333333333335 3 1 2000 0.07853981633974483 44 1
1
7
104 1.4 103 1000.0 3 55.0 35 5580 6500
5
8
7 0.5 35 15
3
8
9 0.8 35 15

781 760
4 1
1
8
10 0.3 35 15
1
7
102 0.6 99 535.7142857142857 2 65.0 50 133 750
2
8
9 0.8 35 15
1
3
150 3.0 95 1000.0 0 8 2500 0.09817477042468103 28 2

392 994
6 1
2
8
1 0.1 10 5
1
2
830 1.0 0 10 0 0 0
1
3
150 3.0 95 1000.0 0 8 2500 0.09817477042468103 28 1
5
8
3 0.1 35 20
3
8
0 0.8 50 15
1
8
4 0.1 35 15

283 618
6 1
5
8
3 0.1 35 20
4
8
6 0.2 35 15
1
1
204 3.2 50 45 10 25 0.0 71 180
1
8
46 0.1 0 5
1
7
102 0.6 115 500.0 2 65.0 50 190 750
1
8
46 0.1 0 5

283 623
4 1
1
7
104 1.3066666666666666 111 1000.0 3 55.0 35 4360 7222
1
2
830 1.0 0 10 0 0 0
1
4
906 3.5 78 1400.0 2 90.0 30 6.125 41 280
2
8
0 0.8 50 15

292 628
2 1
4
8
3 0.1 35 20
3
8
6 0.2 35 15

319 694
6 1
2
8
2 0.05 65 15
1
4
900 1.4 35 1333.3333333333333 2 90.0 32 4.0 3 50
3
8
10 0.3 35 15
5
8
1 0.1 10 5
1
3
158 2.5 120 880.0 3 12 1500 0.07479982508547127 24 9
5
8
9 0.8 35 15

299 699
5 1
2
8
5 0.2 35 15
1
2
830 1.0 0 10 0 0 0
5
8
10 0.3 35 15
1
3
154 2.3 150 2000.0 3 1 1800 0.07853981633974483 40 1
1
4
904 2.2 64 1200.0 2 90.0 30 6.0 11 150

478 1353
6 1
1
7
109 1.4 50 1000.0 2 30.0 30 7 80
1
1
552 2.7 50 30 3 15 0.0 40 175
1
7
103 1.2 80 1000.0 2 45.0 30 192 350
1
8
7 0.5 35 15
5
8
4 0.1 35 15
1
3
158 2.608695652173913 120 842.1052631578948 3 12 1500 0.07479982508547127 23 8

725 1228
1 1
1
8
4 0.1 35 15

742 1262
2 1
1
4
903 1.8 35 1200.0 2 90.0 30 5.0 78 85
1
7
109 1.4 50 1000.0 2 30.0 30 57 80

210 315
3 1
4
8
1 0.1 10 5
2
8
8 0.3 35 15
1
8
7 0.5 35 15

900 1317
6 1
1
8
3 0.1 35 20
3
8
3 0.1 35 20
4
8
1 0.1 10 5
3
8
1 0.1 10 5
3
8
0 0.8 50 15
1
8
7 0.5 35 15

954 1347
3 1
2
8
0 0.8 50 15
4
8
8 0.3 35 15
1
8
0 0.8 50 15

909 1365
2 1
1
4
902 1.8 50 1200.0 2 90.0 30 5.0 18 100
1
7
103 1.2 80 1050.0 2 45.0 30 117 350

943 1251
6 1
1
2
830 1.0 0 10 0 0 0
3
8
6 0.2 35 15
1
8
46 0.1 0 5
3
8
8 0.3 35 15
4
8
0 0.8 50 15
2
8
5 0.2 35 15

948 1220
5 1
1
8
1 0.1 10 5
1
3
154 2.3 150 2000.0 3 1 2000 0.07853981633974483 40 0
4
8
1 0.1 10 5
4
8
9 0.8 35 15
3
8
4 0.1 35 15

943 1251
3 1
1
3
153 1.6 150 3500.0 3 1 3500 0.08975979010256552 40 0
1
8
52 0.1 35 25
1
8
15 0.2 35 20

948 1220
3 1
3
8
40 0.02 5 3
3
8
12 0.08 35 20
4
8
34 0.05 5 1

