0 1500 0
Batash 1550 3.3 750 85 30 3 18 705 675 750
0 35.0

47739 48142

0
11
0
0

0

0

4
150 3.0 95 1000.0 0 8 2500 0.09817477042468103 28 8
150 3.0 95 1000.0 0 8 2500 0.09817477042468103 28 8
150 3.0 95 1000.0 0 8 2500 0.09817477042468103 28 8
150 3.0 95 1000.0 0 8 2500 0.09817477042468103 28 8

2
910 1.8 120 1200.0 2 1.0 60 6.0 100 100
910 1.8 120 1200.0 2 1.0 60 6.0 100 100

0

0

1
105 2.6 155 1000.0 10 75.0 55 1100 1100

5
37 0.01 20 1 64
53 0.1 35 25 29
0 0.8 50 15 4
700 0.01 0 1 1
700 0.01 0 1 1

0

0

0
0
0
0
0
