0 1500 0
Ray 726 4.7 400 65 10 5 5 160 0 176
0 222.0

51124 47973

0
135
0
29

4
206 4.5 50 45 15 28 0.0 380 380
303 3.4 50 75 10 25 0.0 390 390
503 0.6 50 25 3 16 0.0 350 350
553 0.8 50 23 1 11 0.0 315 315

0

3
150 3.0 95 1000.0 0 8 2500 0.09817477042468103 28 8
150 3.0 95 1000.0 0 8 2500 0.09817477042468103 28 8
152 6.8 15 55.0 5 200 6000 0.3141592653589793 75 177

0

0

0

2
112 0.8 160 430.0 50 85.0 25 951 1000
112 0.8 160 430.0 50 85.0 25 1000 1000

2
25 0.4 5 5 3
48 5.0 5 5 2

0

3
150 3.0 95 1000.0 0 8 2500 0.09817477042468103 28 8

0
0
0
0
0
