0 1500 0
Ray 367 4.7 400 65 10 5 5 325 275 399
0 68.0

92675 43851

0
4
0
0

0

0

3
160 10.0 100 205.0 10 30 1500 0.039269908169872414 115 30
160 10.0 100 205.0 10 30 1500 0.039269908169872414 115 30
160 10.0 100 205.0 10 30 1500 0.039269908169872414 115 30

3
900 1.4 35 1200.0 2 90.0 30 4.0 50 50
900 1.4 35 1200.0 2 90.0 30 4.0 50 50
900 1.4 35 1200.0 2 90.0 30 4.0 50 50

3

3
30 0.1 1 0 100
30 0.1 1 0 100
30 0.1 1 0 100

3
112 0.8 160 450.0 50 85.0 25 1000 1000
112 0.8 160 450.0 50 85.0 25 1000 1000
112 0.8 160 450.0 50 85.0 25 1000 1000

0

0

0

0
0
0
0
0
