0 1500 0
Rod 215 4.3 500 80 34 6 74 419 365 500
0 72.0

76422 83984

0
2
0
0

5
202 0.8 50 35 3 12 0.0 74 75
300 1.5 50 96 5 18 0.0 85 85
400 1.2 50 65 3 16 0.0 80 80
500 0.6 50 25 2 10 0.0 78 78
550 0.5 50 23 1 6 0.0 70 70

0

0

0

0

0

1
103 1.2 80 1000.0 2 45.0 30 341 350

2
5 0.2 35 15 10
10 0.3 35 15 2

7
103 1.2 80 1000.0 2 45.0 30 341 350

0

1
202 0.8 50 35 3 12 0.0 74 75
1
300 1.5 50 96 5 18 0.0 85 85
1
400 1.2 50 65 3 16 0.0 80 80
1
500 0.6 50 25 2 10 0.0 78 78
1
550 0.5 50 23 1 6 0.0 70 70
